83	48	100	97	61	89	52	87	48	77	48	86	90	60	31	38	57	89	50	87	97	66	57	98	48	27	51	78	90	36	20	29	49	94	26	25	55	53	35	43	73	73	91	47	88	51	42	28	63	88
89	52	40	35	33	77	21	94	33	89	53	91	49	63	65	64	35	60	75	24	70	41	71	67	74	81	40	21	28	43	48	21	41	35	21	93	36	58	64	96	98	99	50	34	25	80	35	85	22	84
58	50	95	45	89	84	95	84	89	48	82	76	51	87	40	99	53	77	44	54	75	29	95	51	79	67	66	52	40	57	60	20	27	51	27	86	25	65	81	22	95	23	88	34	41	30	52	85	55	62
51	38	44	83	51	23	28	34	85	96	90	83	37	23	93	81	26	30	47	78	94	91	80	57	81	51	68	47	95	26	98	75	34	23	91	87	45	56	82	88	21	93	96	33	78	94	47	71	82	60
70	27	55	77	65	37	23	54	77	55	63	56	53	81	35	57	43	22	48	81	25	96	43	86	65	25	75	64	32	51	29	100	60	58	87	40	90	60	88	63	100	73	30	21	43	96	48	40	65	91
51	45	48	28	87	59	35	58	86	32	23	86	66	38	64	96	88	46	53	96	27	93	75	88	41	69	37	87	37	76	87	26	78	21	92	87	68	22	21	21	31	27	80	28	69	28	48	50	80	60
43	72	59	59	34	48	71	25	41	35	51	24	92	33	27	57	69	67	74	42	38	90	66	35	30	69	32	50	26	24	49	97	56	59	96	23	92	49	49	66	34	90	58	42	32	80	79	55	66	82
50	21	23	59	53	53	51	90	65	33	51	27	24	92	48	29	72	76	79	43	50	50	78	72	83	66	55	62	80	79	84	39	20	71	96	36	20	79	63	50	22	99	70	75	90	46	23	58	49	34
89	50	59	61	51	81	88	62	80	85	71	78	24	47	80	69	97	20	41	49	72	82	54	96	28	28	48	68	56	64	27	31	86	38	82	58	78	68	85	33	34	28	61	21	85	59	73	95	96	42
94	66	46	40	33	91	74	83	100	38	53	30	92	52	30	67	51	91	92	82	28	71	94	66	46	37	77	75	30	46	93	55	100	66	88	63	60	87	68	31	97	46	45	41	34	60	53	36	29	46
21	69	21	70	45	65	90	100	33	46	78	27	26	72	89	54	49	31	39	57	23	52	59	44	48	52	68	44	34	50	41	37	25	33	68	31	65	58	72	91	23	98	47	34	31	90	91	90	95	69
35	64	35	49	35	73	100	69	34	68	42	85	23	68	73	93	97	75	94	81	89	83	88	95	94	44	71	66	60	89	97	84	50	32	73	32	34	51	70	99	38	62	51	34	26	89	52	76	24	20
35	30	88	97	46	67	54	84	78	84	96	98	30	27	74	95	78	65	41	41	81	39	80	67	29	92	51	94	64	88	60	87	94	97	45	74	37	39	74	85	41	25	31	82	69	33	36	36	91	28
33	70	65	82	29	69	43	91	68	47	77	50	56	40	27	91	44	98	88	49	39	87	91	55	80	78	44	87	33	94	96	86	74	67	84	75	94	48	50	94	55	67	92	41	64	29	55	96	71	26
52	33	66	53	32	23	40	56	53	43	47	61	30	90	54	34	37	96	44	36	76	59	36	65	59	75	75	29	26	84	53	41	81	31	70	86	26	23	55	27	45	28	37	96	96	70	73	45	80	50
43	77	91	58	36	38	84	80	82	63	28	78	28	33	21	36	81	34	99	28	71	37	44	99	33	53	22	76	25	24	36	91	22	89	63	42	62	55	97	28	100	85	27	67	51	44	47	23	27	61
84	86	46	81	57	78	69	44	43	98	34	33	73	62	49	47	26	88	44	94	28	48	24	37	73	90	25	28	61	26	21	62	71	91	98	98	95	47	39	34	76	76	90	85	52	22	26	24	52	74
41	64	46	40	50	94	42	64	46	84	94	67	78	80	79	83	26	80	77	26	93	87	80	79	57	74	28	33	66	70	43	23	79	67	92	89	74	96	70	83	39	97	53	22	81	84	45	36	42	23
38	69	29	28	71	91	100	35	69	87	24	100	99	96	33	90	40	69	54	69	45	88	85	21	78	77	57	60	30	79	66	49	34	41	76	81	58	23	51	64	88	78	60	34	50	51	28	44	75	26
91	85	88	87	64	89	52	48	33	78	71	52	39	23	81	76	88	37	50	99	74	100	64	25	97	78	78	73	56	29	44	89	53	41	88	50	64	52	87	73	67	89	50	34	70	53	54	55	68	31
30	32	93	90	82	29	64	68	72	97	62	49	67	72	53	39	76	70	48	56	46	72	25	71	98	26	86	82	43	93	64	70	37	90	71	88	68	47	84	37	45	52	51	23	26	94	99	33	66	63
59	85	74	31	52	60	72	33	68	91	62	31	80	83	26	41	97	70	21	50	32	78	24	25	64	58	81	68	49	34	91	31	60	30	72	93	46	28	91	96	55	37	62	89	34	25	26	47	23	96
47	22	86	32	89	62	81	47	27	47	63	54	91	65	84	95	82	25	22	30	52	87	90	96	43	51	20	78	64	35	74	61	21	66	71	75	22	81	24	35	22	49	43	55	78	58	32	46	81	95
47	65	59	69	66	25	59	79	45	20	87	78	77	40	71	30	35	89	73	82	93	50	24	80	26	29	38	83	32	66	44	58	76	79	21	87	38	75	85	20	38	37	89	90	24	95	33	56	99	47
65	67	30	83	49	20	65	86	24	49	26	97	78	82	94	95	71	26	79	67	81	88	39	58	47	86	37	78	37	81	56	51	99	25	33	76	31	67	59	85	30	57	98	89	40	54	73	26	77	75
57	99	78	37	37	27	98	76	71	48	85	94	73	66	26	94	70	95	74	98	45	99	82	41	40	71	51	71	34	84	100	40	73	38	26	28	94	87	51	70	90	29	55	35	82	45	29	66	87	88
87	20	100	43	58	34	56	89	95	34	24	69	65	49	26	45	72	46	34	100	89	85	62	87	60	100	20	54	28	30	81	35	45	74	74	78	59	77	38	45	70	90	32	83	23	32	71	30	46	61
100	57	67	52	87	90	77	22	30	99	25	64	83	53	41	74	46	92	44	33	32	74	40	67	24	64	77	99	41	47	57	90	51	75	24	21	72	24	92	24	39	50	48	69	38	26	29	26	44	48
85	60	78	64	40	77	41	43	75	69	97	95	49	67	84	73	53	55	24	88	98	61	49	71	69	71	91	54	43	98	53	81	32	86	24	28	81	33	27	38	29	21	54	44	54	39	56	89	78	68
54	49	27	29	42	64	63	39	29	70	84	53	81	80	46	23	62	94	77	62	20	28	78	74	33	86	88	48	55	55	50	48	62	74	42	77	90	71	25	97	20	94	28	77	97	94	97	98	62	93
82	39	81	52	44	87	26	84	41	61	74	28	51	22	75	88	69	78	96	62	27	82	96	28	66	97	21	71	27	35	65	92	70	93	36	82	57	68	42	95	62	43	35	64	58	72	37	29	90	72
46	32	62	45	93	48	25	50	47	35	53	78	83	95	88	63	75	53	99	28	79	93	39	98	23	84	97	82	97	82	25	91	61	56	71	39	64	23	74	64	84	43	23	99	96	41	65	57	46	83
44	53	34	79	92	27	54	75	41	89	72	21	91	83	72	61	46	83	57	51	31	32	52	28	77	37	33	96	22	72	37	100	27	100	25	79	25	97	59	55	80	94	80	61	74	59	45	23	100	64
37	65	64	64	86	32	61	43	26	60	28	95	29	73	88	89	91	38	64	68	46	78	95	28	49	70	81	94	33	52	51	46	54	23	55	56	75	86	49	97	58	66	68	68	71	83	23	86	81	78
56	86	88	92	78	88	28	72	51	93	80	61	43	46	45	53	77	85	28	94	37	40	47	43	20	82	77	34	23	98	96	25	55	33	83	80	72	38	31	34	45	46	36	89	23	22	35	76	61	96
98	79	47	81	78	76	90	93	95	87	96	37	31	79	84	64	96	82	50	100	50	74	25	60	51	97	20	24	81	82	39	57	100	88	28	84	99	100	68	67	70	90	41	39	21	38	62	79	24	60
99	57	89	70	65	93	81	49	68	32	86	66	83	45	100	29	58	83	97	72	77	34	94	97	94	32	86	50	27	70	24	92	21	82	63	43	43	97	35	56	94	61	81	52	91	35	74	56	65	81
29	71	62	50	59	85	53	42	24	69	54	73	64	44	87	59	24	41	84	78	76	72	72	77	95	50	98	96	31	49	63	32	38	34	28	59	86	24	33	86	89	45	32	67	52	88	78	76	74	45
85	71	47	43	91	88	82	51	56	79	92	20	72	77	25	82	52	26	30	69	71	45	42	31	65	29	74	72	80	64	59	30	48	79	34	21	94	55	32	85	82	95	74	72	24	46	53	50	41	44
30	50	29	75	40	26	31	65	82	41	73	25	23	75	84	21	80	76	91	78	69	59	39	89	96	82	63	36	83	99	60	64	62	37	80	87	75	50	81	45	24	55	57	83	81	21	53	89	38	33
45	90	48	27	43	91	32	33	31	85	68	31	100	42	77	92	55	47	30	73	61	43	77	81	89	34	60	30	24	91	85	77	44	81	52	48	87	79	68	37	83	30	28	62	60	37	63	30	64	56
38	97	93	42	66	50	24	40	80	72	75	97	56	26	75	68	97	62	53	32	68	51	58	89	94	88	91	55	90	24	22	67	90	57	26	78	54	28	36	85	61	97	48	73	69	72	60	69	25	32
32	80	50	43	43	93	33	38	84	35	24	77	39	96	73	93	56	58	64	69	63	47	57	91	32	75	100	75	67	40	97	20	31	63	100	75	36	42	20	69	25	96	50	47	49	84	62	49	53	46
23	87	59	89	67	99	72	35	35	95	49	87	91	66	37	51	61	47	75	31	64	88	42	86	66	49	82	37	82	40	85	71	79	94	30	34	24	41	94	20	34	38	43	49	44	31	81	91	45	35
70	41	62	20	48	30	86	41	98	36	38	37	53	96	28	78	90	98	65	65	46	35	85	61	40	20	35	83	93	43	88	88	69	84	74	71	40	44	27	93	76	85	25	58	25	98	26	26	92	36
40	26	29	51	75	61	20	100	97	85	71	80	94	39	100	53	54	29	64	33	85	66	55	36	56	58	35	71	56	97	26	85	35	99	31	87	37	86	91	22	82	44	36	40	88	83	94	60	37	29
96	67	69	27	93	48	65	96	77	37	55	77	89	21	69	35	22	56	78	77	84	36	36	71	29	62	29	87	93	54	80	45	72	66	55	90	71	53	93	21	71	32	73	71	25	39	33	87	87	55
96	100	63	81	62	77	84	99	44	34	70	29	84	63	69	48	75	29	69	76	74	42	37	100	75	41	82	50	21	58	67	75	87	98	91	88	75	68	53	71	67	89	85	57	29	32	99	56	28	71
47	100	61	79	78	65	76	55	32	96	44	83	35	44	92	26	55	98	70	93	29	49	36	61	70	63	100	22	33	75	78	26	44	44	45	99	54	98	59	61	88	65	77	73	38	69	59	21	85	94
22	27	45	68	66	64	42	24	54	44	29	86	31	42	73	67	61	84	64	21	33	45	78	84	41	65	98	31	23	45	38	30	35	21	60	85	58	68	36	58	24	73	37	44	78	90	62	95	43	97
65	37	25	96	80	58	26	29	94	56	83	23	42	90	36	64	49	42	94	62	89	86	42	78	26	63	23	20	37	36	43	100	90	45	32	60	99	71	67	91	36	36	64	52	55	35	35	96	51	79
91	33	38	94	24	25	28	89	53	99	59	90	76	94	26	60	55	69	78	97	89	31	83	79	66	44	26	65	38	88	71	82	43	29	84	66	68	39	44	50	37	89	88	39	87	43	77	35	89	95
25	39	70	60	79	93	50	98	62	57	63	70	47	54	34	31	39	21	97	87	94	91	72	84	50	36	54	78	45	51	31	56	65	66	99	34	28	35	46	74	67	75	91	41	20	98	77	99	45	59
93	97	64	32	21	24	50	41	85	20	34	35	52	65	79	64	87	38	49	64	75	65	93	39	88	54	57	60	66	33	38	59	63	82	88	47	47	52	89	64	52	76	74	52	39	74	95	57	83	57
91	60	83	34	60	84	40	24	58	69	79	25	46	40	91	84	28	23	99	35	43	90	42	63	35	41	88	98	75	93	59	23	30	28	33	80	46	63	22	51	53	74	28	59	21	77	34	45	35	37
48	73	50	87	65	26	99	51	31	42	33	49	50	65	98	36	100	22	29	92	22	62	89	47	38	63	54	94	62	79	90	93	23	28	60	20	80	96	57	100	20	90	45	70	87	76	29	51	74	80
74	78	35	24	98	63	81	61	66	23	44	67	64	30	98	34	56	50	81	57	39	72	90	84	99	40	77	36	23	99	74	75	41	23	66	42	43	46	48	73	90	55	38	91	69	49	89	57	94	27
88	68	60	53	54	76	94	67	83	74	29	32	23	39	37	96	79	98	22	93	81	83	73	43	25	22	88	46	32	40	36	81	35	98	90	75	88	31	59	97	33	31	41	61	91	46	76	82	71	51
22	71	70	60	43	98	91	77	28	28	49	78	48	62	48	88	69	26	47	70	43	97	38	48	51	67	95	88	48	55	20	93	48	62	63	76	83	85	62	96	80	56	79	96	72	61	54	95	82	95
35	69	65	73	76	49	44	84	24	99	76	59	59	45	75	100	83	83	75	30	76	31	87	38	73	66	46	82	53	56	60	38	92	36	37	25	41	76	88	26	29	75	70	50	40	75	50	49	33	51
99	82	59	38	28	37	78	83	73	26	65	63	33	30	100	80	28	24	64	75	72	40	71	76	95	91	93	99	44	24	83	70	30	32	62	32	41	70	35	26	23	53	20	59	72	37	67	22	90	29
45	59	39	32	30	36	43	30	62	46	31	53	21	23	90	45	71	34	64	20	34	58	21	58	21	40	69	67	59	56	29	37	89	83	49	96	33	95	67	81	42	48	31	41	87	88	46	31	25	42
59	28	45	40	69	70	66	32	47	99	76	91	36	24	50	23	40	84	33	53	74	58	45	47	53	59	57	33	79	54	82	59	32	68	47	38	38	63	31	35	27	49	83	57	98	38	95	46	49	23
85	74	92	46	100	41	58	91	65	50	92	45	80	30	61	55	50	26	63	56	63	28	59	21	70	26	20	60	66	51	32	57	82	59	61	47	80	98	55	74	72	77	59	26	94	54	53	39	65	55
96	80	86	30	55	90	26	50	81	26	90	99	72	56	63	40	71	81	21	53	59	37	45	23	22	67	90	73	77	93	79	52	81	62	29	47	84	40	79	84	83	61	70	100	87	100	39	25	59	31
56	92	25	53	22	30	77	84	55	31	29	85	32	94	35	36	72	32	54	34	71	77	45	82	56	80	96	31	51	94	95	91	47	58	42	48	96	61	72	54	44	79	54	57	45	98	63	55	24	58
28	96	80	81	85	84	53	100	89	74	86	88	61	76	31	52	30	44	40	87	29	66	90	91	69	91	32	88	36	98	53	26	90	22	72	82	54	46	82	85	30	46	72	63	84	62	72	78	43	92
91	83	50	92	78	54	72	82	37	55	67	35	20	69	61	20	38	87	100	45	63	89	89	25	89	83	93	89	48	28	32	22	34	91	63	55	88	94	23	57	36	85	32	27	23	44	82	66	72	63
41	66	73	95	55	63	94	90	55	95	94	32	29	46	65	78	60	58	57	48	86	100	100	40	77	53	90	51	95	38	41	74	58	58	63	22	37	41	26	64	39	35	30	45	94	75	41	41	25	34
44	88	100	53	88	59	58	46	44	21	86	85	75	66	83	82	97	67	59	35	59	92	66	51	37	94	21	91	56	87	46	68	32	39	72	83	97	85	49	99	93	24	80	38	42	66	23	29	28	91
24	87	39	75	76	59	61	100	82	70	37	88	53	76	75	63	21	61	99	24	40	20	32	76	87	64	65	34	63	61	89	43	21	89	66	56	87	54	56	27	94	71	77	33	78	55	87	39	63	82
81	37	27	98	90	70	97	47	84	56	42	79	77	68	53	74	41	94	37	96	40	27	56	30	42	44	70	41	28	59	63	80	27	58	81	29	43	86	48	25	58	86	28	28	61	41	88	83	42	51
86	68	73	79	39	50	98	67	47	84	99	99	44	43	77	86	42	83	81	95	38	60	83	52	25	60	48	67	26	47	46	35	89	77	69	39	58	49	32	52	56	59	96	53	100	84	63	100	27	27
68	20	58	91	79	31	33	65	79	32	82	70	55	89	58	91	92	20	88	84	22	21	58	89	39	77	37	48	62	24	90	21	72	58	80	29	61	74	90	68	100	73	84	21	43	53	50	45	61	70
22	84	85	52	81	76	82	35	43	89	39	33	42	38	35	69	69	66	34	75	63	97	90	39	51	60	58	63	36	67	77	44	77	31	21	83	92	83	75	22	57	81	22	39	85	78	67	38	58	48
23	66	64	72	31	85	83	71	53	44	99	73	21	28	84	30	38	59	70	30	55	98	59	67	40	26	35	28	54	40	25	33	91	85	26	64	35	99	36	33	44	71	97	49	32	52	47	85	79	38
34	73	72	26	67	100	52	95	40	30	57	31	95	89	94	52	39	45	32	62	56	85	60	99	50	82	79	25	87	39	94	24	72	66	49	53	100	94	22	87	47	45	68	92	73	24	36	59	64	91
40	22	59	72	89	30	100	34	78	40	90	42	98	40	22	77	90	74	20	24	21	79	100	74	83	64	39	53	97	79	43	75	47	91	87	37	33	90	41	97	21	45	27	33	74	69	25	79	95	87
63	35	74	56	94	78	84	46	25	64	48	78	57	78	87	51	80	33	27	30	32	26	77	39	86	66	94	53	38	26	29	68	98	66	53	52	38	29	64	38	63	42	39	100	40	81	81	46	42	72
28	98	33	28	84	61	83	35	94	29	78	28	63	72	51	84	57	99	80	30	39	47	43	93	69	47	71	74	99	33	70	55	32	98	65	73	51	71	100	68	46	70	50	81	63	66	30	23	88	98