89	49	93	36	87	85	73	67	44	61	53	87	96	40	96	61	63	88	52	47	89	46	52	43	43	20	92	68	88	71	39	69	80	30	26	97	74	67	36	74
64	31	87	76	94	53	39	55	80	80	34	97	67	26	97	36	39	92	46	81	66	59	35	87	88	50	82	74	23	50	41	28	39	52	28	85	62	58	79	69
21	66	97	81	67	50	71	91	73	71	46	85	53	92	53	99	94	96	42	81	90	86	75	95	23	68	53	55	65	52	52	56	53	62	67	35	60	41	26	34
47	74	23	34	76	85	99	25	28	26	26	26	41	81	87	96	77	34	51	59	51	90	68	52	73	47	58	59	68	100	36	50	27	79	83	55	24	79	20	48
88	36	47	73	32	85	86	38	20	60	78	66	49	84	58	25	50	35	80	35	37	25	28	30	32	83	75	22	24	60	80	23	80	64	74	21	68	41	74	30
57	98	50	24	32	54	36	94	62	53	62	67	94	58	54	54	48	65	76	85	54	60	49	53	79	91	98	70	53	31	60	20	56	34	87	45	23	69	49	27
78	33	56	21	64	47	56	35	74	90	80	38	40	96	24	60	84	41	52	98	28	38	89	48	89	35	92	75	65	96	31	69	57	95	52	49	89	67	49	58
81	81	96	97	90	48	22	37	29	93	40	90	34	60	27	62	83	21	86	90	46	97	73	27	54	90	34	73	60	35	76	22	78	99	83	40	84	84	98	43
76	90	49	26	64	34	89	29	26	55	82	31	55	26	85	27	87	89	61	89	56	24	45	39	48	34	26	37	59	86	85	44	54	47	88	61	56	96	75	30
92	65	48	68	55	48	86	55	74	55	72	71	70	80	58	43	57	46	86	25	91	32	50	83	40	50	28	71	71	71	35	67	96	76	62	83	85	59	50	31
67	76	51	58	46	42	35	29	72	28	55	59	27	86	22	31	61	58	49	34	92	22	29	58	52	86	44	50	85	91	23	89	83	100	24	56	77	72	58	67
83	20	63	38	27	63	83	72	35	69	46	41	82	70	55	33	51	28	100	76	51	99	66	38	90	65	71	86	25	97	61	80	41	87	89	47	74	90	76	51
71	31	27	59	35	50	74	30	80	34	22	44	59	35	68	30	98	71	33	53	68	100	30	89	74	24	79	49	36	86	55	91	33	40	82	72	55	42	67	83
95	21	58	24	71	73	74	81	85	25	75	61	69	25	67	89	50	65	81	38	76	27	71	76	45	94	94	33	39	89	97	93	33	44	85	50	44	96	42	49
30	56	80	47	37	44	25	27	91	67	76	61	92	21	43	98	55	31	33	20	78	100	28	60	49	94	63	85	90	54	50	65	29	54	75	76	36	80	82	77
76	80	23	69	91	24	43	22	80	39	72	83	72	32	51	30	56	24	83	99	22	88	78	51	87	99	86	74	80	42	87	34	51	52	51	78	34	91	81	82
35	51	43	60	79	71	52	71	22	20	38	65	95	94	23	22	42	36	97	68	26	65	83	96	30	88	37	90	84	84	69	99	93	91	29	33	88	88	85	52
88	96	86	49	88	76	70	51	83	39	69	62	40	69	98	65	77	31	82	59	82	20	56	70	54	72	36	23	44	51	45	97	22	81	43	45	37	48	37	82
88	65	67	49	62	87	23	40	90	37	47	59	71	78	67	61	36	97	86	96	88	86	87	79	68	92	67	97	73	80	43	83	66	79	79	41	33	53	55	28
78	20	57	70	88	66	92	34	77	28	23	47	39	68	62	69	35	29	75	95	40	84	75	74	65	97	37	84	27	99	100	52	50	100	49	82	37	73	88	29
69	95	35	32	35	48	22	80	75	33	96	89	73	37	56	53	83	75	56	61	70	41	66	31	68	29	58	93	88	73	55	60	32	72	85	44	51	20	49	97
81	81	31	39	45	43	25	85	94	89	70	87	52	82	57	29	51	45	38	93	22	86	58	94	21	92	25	97	81	55	61	77	71	59	51	52	20	81	79	38
28	87	49	46	50	58	64	42	30	30	21	33	51	68	80	62	27	44	100	82	30	57	25	89	60	45	23	90	26	25	44	91	35	25	87	81	89	34	98	99
23	26	45	46	41	47	57	49	55	100	30	76	70	51	48	63	44	48	22	50	98	25	51	41	74	84	36	89	76	98	64	44	70	57	70	48	28	52	24	89
98	81	53	61	45	95	40	97	99	24	42	60	70	88	48	28	93	21	67	94	31	86	41	76	49	30	29	92	85	96	65	77	58	41	90	79	24	81	80	67
62	55	83	37	57	64	98	71	91	100	42	47	43	83	49	94	82	28	21	47	77	55	56	43	63	43	53	79	62	97	62	27	88	82	49	59	22	87	59	32
33	39	75	79	62	74	47	60	49	98	69	83	35	31	99	56	33	100	29	68	62	89	34	59	70	56	88	72	56	55	90	93	39	94	57	87	74	90	35	31
66	40	72	96	21	47	27	82	63	59	37	46	57	34	32	71	64	89	23	100	82	66	44	31	93	30	46	87	68	66	92	91	87	38	29	25	23	51	38	50
22	42	51	75	27	34	61	89	63	56	22	69	70	87	99	32	37	71	46	60	67	31	95	20	43	37	81	24	79	63	38	70	53	54	38	88	91	50	59	69
27	69	63	94	34	41	66	77	51	27	71	40	37	67	59	70	48	84	28	22	66	45	80	94	23	82	41	46	80	20	46	68	22	33	62	36	23	86	99	85
40	97	60	53	40	87	30	95	84	84	41	83	68	41	64	69	97	93	72	86	76	82	65	82	60	37	38	20	48	33	42	54	20	55	84	46	52	30	52	97
37	54	24	95	62	96	56	98	36	75	26	47	58	90	51	62	66	52	67	25	84	85	43	39	59	39	58	67	49	72	42	24	48	67	60	40	92	66	62	51
66	71	100	76	40	26	57	50	85	79	47	97	67	93	42	78	29	59	99	73	55	91	72	36	70	79	60	67	47	74	85	20	54	50	94	99	49	47	38	28
80	63	62	23	58	43	44	90	76	21	75	36	44	51	42	42	35	42	76	53	86	89	62	62	25	94	43	77	75	27	47	77	44	51	42	58	93	59	67	65
57	73	39	27	36	69	49	78	26	39	67	99	88	55	27	64	91	94	33	50	64	95	66	36	50	29	42	96	61	32	47	34	50	28	56	50	28	33	79	81
64	38	91	93	71	63	28	84	84	70	22	41	26	31	59	94	100	75	64	99	94	93	77	51	34	59	98	76	24	25	62	21	100	84	68	54	37	59	89	46
20	69	58	34	79	77	65	84	49	70	47	69	42	61	39	52	31	32	72	63	89	77	56	55	46	93	33	44	22	86	74	54	86	38	36	22	61	35	95	30
20	85	52	30	36	50	86	73	79	50	70	45	83	43	31	92	92	24	82	54	82	64	87	24	55	52	55	72	71	53	35	53	39	41	60	58	95	79	66	49
96	48	57	91	37	88	76	23	51	66	82	33	50	80	21	25	40	74	37	82	93	66	20	64	73	25	75	59	86	57	93	32	76	22	86	85	26	64	75	43
58	21	79	99	76	68	63	40	42	34	61	89	92	92	46	82	43	48	84	82	100	100	53	35	68	42	57	24	43	56	43	39	82	62	46	75	95	38	53	94
74	32	81	22	76	91	73	93	32	34	75	22	24	89	22	86	35	65	62	95	20	80	98	64	45	94	40	60	60	94	65	97	79	50	91	60	96	47	38	22
82	68	99	95	21	79	79	85	51	22	44	33	38	55	33	48	69	70	38	59	49	76	97	76	22	94	46	27	97	67	21	38	55	56	90	82	89	58	77	81
58	36	26	74	49	40	75	34	55	34	38	73	73	91	94	40	93	48	39	52	68	72	71	59	44	20	80	36	98	51	99	68	26	56	81	93	92	83	84	62
51	23	27	76	49	99	92	76	57	81	90	41	38	36	68	81	72	61	66	41	46	24	65	20	89	64	47	39	77	93	36	98	74	75	83	25	44	63	22	32
76	71	59	82	50	90	59	56	73	28	44	63	51	94	74	86	93	95	84	76	62	84	71	51	98	64	54	80	64	88	81	31	28	78	28	75	78	68	70	24
32	98	28	85	25	60	52	48	81	29	46	39	46	78	22	30	80	38	27	80	48	31	21	48	93	69	66	30	96	44	76	87	51	22	47	87	25	33	87	95
94	73	49	41	62	58	64	59	85	65	46	48	27	87	42	60	34	73	51	23	32	21	36	38	35	82	45	62	46	52	21	45	23	95	90	22	23	67	62	43
41	47	33	34	29	72	30	70	39	41	36	99	30	49	50	93	39	46	90	24	24	73	84	70	28	70	79	64	22	70	26	70	64	37	50	31	48	46	92	86
89	62	59	95	56	36	39	76	89	73	64	66	43	44	88	26	47	89	78	39	39	22	35	47	78	31	62	70	63	41	27	36	75	27	50	48	28	96	80	76
38	87	51	21	24	81	61	100	26	29	21	97	85	47	60	52	92	75	36	27	62	80	78	98	63	63	66	100	46	54	29	64	34	56	51	34	33	39	78	66